INFO: 2023-06-05 02:00:53,527: Data
INFO: 2023-06-05 02:00:53,816: Data shape (110527, 14)
INFO: 2023-06-05 02:00:54,346: Percentage of women: 0.653882342398853
INFO: 2023-06-05 02:00:55,045: Percentage of men: 0.346117657601147
ERROR: 2023-06-05 02:00:55,785: Data shape is incorrect!
